220478603
220478606
220478613
220478637
220478646
220478654
220478657
220478660
220478709
220478713
220478740
220478844
220478888
220478889
220478892
220478922
220478938
220478941
220478950
220478958
220478972
220479022
220479063
220479068
220479070
220479076
220479085
220479120
220479144
220479156
220479198
220479199
220479208
220479216
220479244
220479312
220479329
220479338
220479417
220479420
220479503
220479504
220479532
220479581
220479600
220479608
220479712
220479732
220479744
220479753
220479839
220479845
220479849
220479867
220479869
220479880
220479940
220479942
220479964
220479969
220480032
220480040
220480048
220480050
220480080
220480107
220480110
220480134
220480144
220480234
220480246
220480323
220480329
220480333
220480404
220480435
220480441
220480451
220480470
220480478
220480494
220480498
220480506
220480564
220480623
220480645
220480669
220480673
220480682
220480720
220480748
220480807
220480814
220480825
220480849
220480859
220480885
220480916
220480953
220480958
220480960
220480985
220481018
220481031
220481052
220481075
220481097
220481108
220481131
220481155
220481162
220481167
220481212
220481225
220481314
220481317
220481319
220481328
220481350
220481368
220481377
220481411
220481438
220481457
220481543
220481601
220481635
220481636
220481663
220481664
220481726
220481728
220481744
220481745
220481747
220481751
220481764
220481767
220481779
220481785
220481803
220481828
220481841
220481880
220481906
220481963
220481971
220481987
220481991
220482027
220482042
220482052
220482055
220482065
220482108
220482141
220482173
220482221
220482305
220482314
220482322
220482333
220482336
220482344
220482347
220482357
220482363
220482364
220482382
220482408
220482411
220482425
220482427
220482456
220482458
220482475
220482602
220482629
220482658
220482660
220482663
220482664
220482749
220482771
220482784
220482786
220482804
220482805
220482816
220482827
220482876
220482894
220482949
220482955
220483024
220483040
220483042
220483050
220483091
220483096
220483147
220483155
220483186
220483240
220483246
220483302
220483340
220483366
220483406
220483476
220483481
220483508
220483510
220483593
220483597
220483619
220483641
220483667
220483669
220483699
220483788
220483796
220483799
220483815
220483822
220483841
220483847
220483918
220483967
220484031
220484052
220484121
220484146
220484189
220484200
220484242
220484269
220484270
220484282
220484383
220484407
220484437
220484440
220484441
220484448
220484450
220484496
220484535
220484549
220484574
220484580
220484586
220484615
220484619
220484645
220484647
220484659
220484680
220484681
220484702
220484741
220484763
220484778
220484805
220484810
220484811
220484881
220484898
220484902
220484929
220484951
220484969
220484973
220484993
220484996
220485020
220485042
220485047
220485050
220485055
220485062
220485078
220485099
220485104
220485137
220485154
220485169
220485188
220485211
220485212
220485220
220485263
220485299
220485301
220485302
220485370
220485374
220485420
220485429
220485487
220485502
220485509
220485532
220485538
220485584
220485590
220485618
220485621
220485626
220485645
220485670
220485679
220485683
220485707
220485751
220485765
220485787
220485798
220485814
220485890
220485909
220485915
220485952
220485954
220486032
220486035
220486056
220486119
220486121
220486142
220486155
220486206
220486218
220486244
220486247
220486249
220486255
220486265
220486282
220486298
220486321
220486331
220486332
220486347
220486351
220486455
220486464
220486473
220486489
220486505
220486513
220486549
220486555
220486596
220486645
220486663
220486675
220486700
220486707
220486758
220486768
220486773
220486825
220486832
220486851
220486881
220486960
220486967
220487095
220487104
220487112
220487117
220487120
220487127
220487144
220487183
220487198
220487200
220487266
220487338
220487397
220487418
220487430
220487451
220487464
220487479
220487482
220487529
220487556
220487560
220487564
220487589
220487590
220487606
220487629
220487633
220487636
220487660
220487675
220487684
220487702
220487719
220487725
220487727
220487744
220487749
220487759
220487828
220487842
220487899
220487930
220487944
220487956
220487959
220487964
220487969
220487974
220488003
220488108
220488121
220488140
220488186
220488204
220488223
220488244
220488263
220488299
220488324
220488370
220488405
220488426
220488466
220488507
220488547
220488579
220488600
220488603
220488609
220488623
220488625
220488634
220488673
220488681
220488702
220488720
220488733
220488736
220488774
220488793
220488805
220488830
220488871
220488872
220488899
220488913
220488958
220488976
220488981
220489068
220489078
220489101
220489117
220489121
220489123
220489134
220489153
220489167
220489180
220489190
220489203
220489212
220489222
220489294
220489295
220489308
220489313
220489314
220489334
220489342
220489343
220489431
220489488
220489499
220489504
220489525
220489535
220489547
220489554
220489579
220489613
220489628
220489647
220489652
220489656
220489680
220489689
220489712
220489725
220489763
220489771
220489774
220489785
220489810
220489826
220489852
220489863
220489901
220489941
220489944
220490019
220490056
220490078
220490084
220490085
220490087
220490091
220490094
220490096
220490163
220490186
220490345
220490353
220490365
220490366
220490367
220490368
220490373
220490409
220490424
220490431
220490461
220490501
220490528
220490543
220490561
220490575
220490598
220490648
220490655
220490677
220490682
220490699
220490711
220490712
220490715
220490723
220490733
220490814
220490873
220490896
220490917
220490928
220490953
220490975
220490985
220490988
220490996
220491037
220491044
220491120
220491129
220491148
220491158
220491188
220491214
220491256
220491261
220491287
220491292
220491308
220491318
220491320
220491326
220491332
220491334
220491346
220491377
220491394
220491409
220491433
220491435
220491446
220491460
220491481
220491487
220491492
220491531
220491535
220491559
220491597
220491605
220491617
220491634
220491660
220491671
220491725
220491734
220491739
220491740
220491754
220491757
220491765
220491821
220491834
220491850
220491897
220491913
220491938
220491944
220491949
220492024
220492031
220492046
220492049
220492062
220492097
220492099
220492139
220492144
220492147
220492152
220492184
220492194
220492214
220492253
220492278
220492281
220492292
220492298
220492342
220492413
220492431
220492447
220492471
220492492
220492494
220492497
220492518
220492523
220492539
220492557
220492631
220492640
220492646
220492671
220492672
220492708
220492734
220492738
220492746
220492789
220492811
220492822
220492849
220492858
220492864
220492877
220492878
220492884
220492887
220492918
220492943
220492951
220492966
220492975
220493003
220493038
220493040
220493068
220493092
220493146
220493147
220493153
220493159
220493170
220493178
220493182
220493201
220493203
220493217
220493240
220493267
220493286
220493343
220493367
220493389
220493390
220493460
220493466
220493503
220493531
220493550
220493574
220493583
220493591
220493603
220493606
220493619
220493630
220493631
220493651
220493660
220493677
220493685
220493692
220493697
220493704
220493736
220493743
220493757
220493794
220493804
220494015
220494020
220494028
220494045
220494062
220494085
220494151
220494191
220494192
220494222
220494229
220494233
220494253
220494267
220494277
220494283
220494284
220494336
220494359
220494365
220494370
220494376
220494381
220494386
220494400
220494411
220494422
220494436
220494465
220494473
220494478
220494500
220494514
220494537
220494541
220494551
220494576
220494584
220494639
220494674
220494707
220494756
220494814
220494815
220494859
220494860
220494880
220494888
220494913
220494918
220494963
220494994
220495054
220495072
220495075
220495076
220495083
220495088
220495110
220495126
220495139
220495168
220495236
220495280
220495285
220495288
220495298
220495329
220495330
220495345
220495349
220495362
220495379
220495393
220495426
220495440
220495445
220495446
220495451
220495485
220495505
220495546
220495553
220495564
220495578
220495589
220495608
220495638
220495746
220495789
220495812
220495816
220495817
220495860
220495866
220495878
220495897
220495912
220495919
220495935
220495950
220496021
220496036
220496039
220496041
220496046
220496047
220496096
220496124
220496158
220496179
220496210
220496220
220496265
220496278
220496350
220496373
220496418
220496459
220496478
220496493
220496503
220496509
220496514
220496575
220496641
220496646
220496651
220496656
220496668
220496705
220496747
220496748
220496751
220496759
220496762
220496806
220496834
220496837
220496843
220496855
220496865
220496906
220496917
220496926
220496949
220497006
220497104
220497123
220497150
220497175
220497186
220497187
220497189
220497191
220497196
220497234
220497238
220497277
220497299
220497331
220497414
220497432
220497459
220497463
220497509
220497524
220497540
220497567
220497573
220497591
220497592
220497611
220497625
220497665
220497670
220497683
220497709
220497711
220497725
220497810
220497824
220497835
220497845
220497853
220497873
220497876
220497893
220497902
220497903
220497928
220497934
220497940
220497960
220497967
220497975
220497992
220497996
220498008
220498016
220498020
220498026
220498032
220498033
220498117
220498132
220498177
220498178
220498181
220498196
220498239
220498267
220498268
220498294
220498341
220498352
220498366
220498374
220498442
220498466
220498474
220498495
220498541
220498563
220498576
220498586
220498588
220498605
220498607
220498733
220498750
220498771
220498795
220498857
220498866
220498880
220498888
220498928
220498946
220498958
220498966
220498991
220498994
220499019
220499026
220499096
220499106
220499108
220499147
220499203
220499238
220499249
220499263
220499267
220499288
220499338
220499344
220499353
220499376
220499391
220499399
220499400
220499431
220499435
220499436
220499476
220499481
220499486
220499508
220499510
220499526
220499543
220499562
220499578
220499601
220499613
220499621
220499665
220499686
220499698
220499708
220499729
220499742
220499745
220499749
220499783
220499794
220499810
220499821
220499826
220499846
220499897
220499910
220499922
220499924
220500018
220500020
220500027
220500114
220500155
220500159
220500184
220500202
220500245
220500251
220500256
220500283
220500285
220500319
220500335
220500366
220500374
220500381
220500391
220500444
220500445
220500465
220500468
220500482
220500488
220500515
220500516
220500517
220500589
220500609
220500631
220500679
220500689
220500697
220500714
220500723
220500733
220500740
220500758
220500766
220500779
220500780
220500798
220500803
220500885
220500887
220500891
220500931
220500981
220501014
220501046
220501059
220501117
220501140
220501160
220501176
220501187
220501192
220501225
220501226
220501228
220501236
220501241
220501250
220501313
220501321
220501323
220501352
220501381
220501393
220501471
220501504
220501562
220501588
220501602
220501603
220501618
220501621
220501658
220501668
220501670
220501693
220501698
220501699
220501719
220501754
220501755
220501759
220501765
220501784
220501801
220501813
220501814
220501825
220501833
220501838
220501874
220501877
220501904
220501905
220501947
220501973
220502076
220502085
220502086
220502103
220502120
220502145
220502147
220502222
220502225
220502238
220502241
220502260
220502299
220502300
220502304
220502320
220502336
220502339
220502355
220502358
220502400
220502413
220502423
220502441
220502477
220502569
220502586
220502608
220502641
220502654
220502685
220502719
220502725
220502734
220502771
220502773
220502785
220502788
220502833
220502841
220502863
220502871
220502878
220502887
220502911
220502940
220502985
220502987
220503004
220503009
220503041
220503089
220503133
220503151
220503176
220503189
220503218
220503227
220503236
220503293
220503340
220503341
220503410
220503526
220503536
220503538
220503587
220503627
220503665
220503677
220503682
220503720
220503723
220503786
220503793
220503822
220503833
220503861
220503873
220503881
220503944
220503992
220504014
220504022
220504057
220504091
220504100
220504103
220504106
220504109
220504232
220504236
220504257
220504273
220504274
220504284
220504286
220504301
220504338
220504352
220504363
220504378
220504394
220504412
220504448
220504496
220504501
220504503
220504513
220504516
220504549
220504586
220504589
220504607
220504610
220504615
220504661
220504663
220504698
220504700
220504707
220504718
220504727
220504756
220504765
220504775
220504793
220504798
220504799
220504802
220504830
220504854
220504868
220504875
220504903
220504916
220504920
220504925
220504949
220504967
220504972
220505001
220505015
220505024
220505060
220505061
220505078
220505083
220505115
220505138
220505157
220505208
220505224
220505225
220505329
220505350
220505371
220505426
220505435
220505437
220505454
220505459
220505473
220505479
220505496
220505515
220505535
220505538
220505544
220505609
220505665
220505725
220505786
220505804
220505812
220505825
220505834
220505841
220505846
220505848
220505908
220505910
220505952
220505953
220505983
220506025
220506059
220506073
220506095
220506117
220506157
220506190
220506192
220506208
220506237
220506272
220506273
220506289
220506292
220506315
220506361
220506441
220506443
220506458
220506559
220506589
220506642
220506651
220506665
220506715
220506720
220506732
220506757
220506774
220506795
220506833
220506837
220506870
220506880
220506918
220506924
220506927
220506964
220507061
220507122
220507125
220507156
220507320
220507369
220507376
220507379
220507405
220507462
220507463
220507467
220507484
220507516
220507529
220507570
220507616
220507637
220507655
220507695
220507736
220507758
220507784
220507785
220507823
220507824
220507827
220507849
220507857
220507879
220507881
220507914
220507917
220507923
220507937
220507950
220508008
220508027
220508035
220508065
220508113
220508132
220508134
220508159
220508169
220508219
220508264
220508305
220508312
220508343
220508358
220508395
220508420
220508427
220508483
220508508
220508532
220508571
220508582
220508609
220508611
220508614
220508619
220508631
220508645
220508669
220508670
220508689
220508712
220508713
220508719
220508752
220508781
220508784
220508844
220508845
220508864
220508909
220508918
220508961
220508968
220509021
220509025
220509047
220509097
220509098
220509111
220509155
220509157
220509173
220509234
220509248
220509256
220509279
220509282
220509309
220509333
220509335
220509364
220509400
220509429
220509441
220509444
220509474
220509481
220509537
220509547
220509645
220509655
220509662
220509680
220509688
220509714
220509749
220509763
220509768
220509778
220509785
220509790
220509795
220509820
220509841
220509865
220509891
220509903
220509912
220509938
220509944
220509948
220509950
220509975
220509982
220510013
220510022
220510025
220510030
220510033
220510049
220510050
220510068
220510077
220510160
220510178
220510179
220510189
220510221
220510226
220510234
220510278
220510292
220510328
220510394
220510395
220510421
220510425
220510430
220510467
220510477
220510493
220510535
220510556
220510569
220510606
220510639
220510645
220510697
220510726
220510731
220510752
220510805
220510814
220510825
220510843
220510851
220510871
220510874
220510875
220510881
220510903
220510915
220510953
220510954
220510968
220510972
220511014
220511024
220511068
220511077
220511089
220511116
220511142
220511165
220511170
220511194
220511198
220511205
220511219
220511225
220511280
220511295
220511309
220511337
220511366
220511381
220511385
220511439
220511481
220511536
220511553
220511558
220511559
220511595
220511613
220511703
220511720
220511754
220511782
220511787
220511797
220511803
220511837
220511848
220511917
220511967
220511969
220511971
220511999
220512015
220512059
220512064
220512116
220512172
220512190
220512194
220512211
220512215
220512247
220512248
220512271
220512291
220512294
220512317
220512358
220512368
220512372
220512394
220512402
220512417
220512435
220512516
220512559
220512566
220512681
220512723
220512732
220512755
220512762
220512765
220512768
220512791
220512792
220512813
220512867
220512949
220512953
220512986
220512987
220512996
220513003
220513011
220513033
220513042
220513050
220513069
220513098
220513105
220513134
220513140
220513142
220513173
220513190
220513205
220513206
220513239
220513264
220513270
220513288
220513346
220513357
220513409
220513482
220513502
220513540
220513626
220513641
220513700
220513717
220513731
220513748
220513761
220513790
220513797
220513804
220513818
220513832
220513838
220513850
220513870
220513880
220513893
220513896
220513898
220513903
220513981
220513986
220514033
220514052
220514077
220514085
220514093
220514112
220514140
220514155
220514171
220514178
220514202
220514235
220514262
220514315
220514355
220514382
220514415
220514429
220514435
220514458
220514465
220514472
220514502
220514519
220514524
220514544
220514556
220514558
220514576
220514619
220514632
220514645
220514647
220514653
220514654
220514656
220514657
220514682
220514748
220514751
220514780
220514858
220514882
220514891
220514907
220514915
220514925
220514934
220515000
220515030
220515039
220515047
220515130
220515216
220515244
220515260
220515287
220515373
220515399
220515428
220515446
220515454
220515470
220515484
220515494
220515507
220515539
220515548
220515551
220515573
220515589
220515598
220515668
220515732
220515749
220515750
220515754
220515762
220515770
220515772
220515798
220515814
220515847
220515869
220515872
220515906
220516000
220516035
220516058
220516093
220516198
220516215
220516230
220516258
220516283
220516298
220516319
220516331
220516371
220516372
220516424
220516443
220516447
220516470
220516474
220516507
220516569
220516579
220516596
220516610
220516626
220516628
220516643
220516645
220516683
220516685
220516690
220516695
220516706
220516712
220516722
220516747
220516765
220516770
220516787
220516794
220516797
220516802
220516821
220516834
220516844
220516857
220516873
220516899
220516902
220516963
220516974
220516985
220517070
220517099
220517186
220517191
220517207
220517217
220517242
220517246
220517255
220517284
220517291
220517293
220517395
220517407
220517440
220517450
220517455
220517502
220517518
220517539
220517579
220517581
220517589
220517603
220517615
220517642
220517647
220517667
220517680
220517695
220517709
220517745
220517798
220517799
220517886
220517933
220517954
220517980
220518010
220518018
220518043
220518050
220518116
220518169
220518227
220518280
220518290
220518360
220518387
220518401
220518415
220518425
220518431
220518434
220518458
220518487
220518513
220518516
220518560
220518563
220518607
220518608
220518629
220518651
220518690
220518741
220518784
220518811
220518824
220518825
220518837
220518860
220518877
220518963
220518976
220518977
220518982
220518991
220519015
220519018
220519030
220519042
220519093
220519114
220519127
220519144
220519176
220519192
220519195
220519257
220519262
220519278
220519283
220519296
220519312
220519332
220519368
220519377
220519406
220519429
220519450
220519545
220519564
220519567
220519623
220519654
220519707
220519709
220519732
220519741
220519744
220519765
220519784
220519839
220519870
220519888
220519942
220519953
220520016
220520129
220520136
220520146
220520162
220520281
220520336
220520341
220520346
220520352
220520371
220520374
220520389
220520450
220520458
220520461
220520477
220520481
220520510
220520536
220520561
220520586
220520597
220520609
220520611
220520629
220520641
220520647
220520658
220520663
220520667
220520671
220520687
220520695
220520709
220520731
220520760
220520791
220520815
220520823
220520869
220520933
220521035
220521074
220521077
220521084
220521089
220521092
220521133
220521183
220521199
220521238
220521254
220521276
220521305
220521314
220521320
220521324
220521393
220521458
220521466
220521470
220521485
220521492
220521522
220521549
220521578
220521620
220521627
220521668
220521685
220521699
220521713
220521801
220521805
220521813
220521826
220521840
220521862
220521895
220521911
220521941
220521965
220521977
220522038
220522056
220522059
220522109
220522126
220522138
220522168
220522188
220522202
220522220
220522233
220522262
220522292
220522296
220522304
220522307
220522316
220522328
220522329
220522361
220522369
220522388
220522440
220522471
220522502
220522514
220522527
220522541
220522557
220522578
220522639
220522646
220522656
220522660
220522663
220522664
220522679
220522695
220522711
220522714
220522780
220522793
220522814
220522832
220522868
220522879
220522895
220522933
220522953
220522954
220522955
220522960
220522981
220523011
220523018
220523023
220523024
220523032
220523036
220523082
220523088
220523095
220523157
220523176
220523193
220523228
220523256
220523282
220523300
220523322
220523353
220523355
220523356
220523380
220523407
220523422
220523470
220523471
220523507
220523516
220523519
220523520
220523557
220523590
220523594
220523602
220523628
220523634
220523635
220523641
220523649
220523712
220523750
220523762
220523810
220523812
220523872
220523877
220523885
220523907
220523919
220523932
220523938
220523946
220523977
220524013
220524014
220524049
220524055
220524058
220524092
220524147
220524201
220524220
220524238
220524240
220524244
220524300
220524314
220524323
220524330
220524342
220524346
220524362
220524363
220524377
220524392
220524444
220524468
220524488
220524511
220524512
220524556
220524575
220524590
220524604
220524612
220524658
220524668
220524700
220524705
220524739
220524741
220524750
220524755
220524821
220524849
220524864
220524868
220524911
220524943
220524945
220524980
220524987
220525086
220525098
220525105
220525131
220525173
220525182
220525196
220525225
220525232
220525247
220525263
220525266
220525302
220525318
220525333
220525356
220525397
220525458
220525459
220525462
220525477
220525496
220525546
220525557
220525582
220525600
220525616
220525702
220525714
220525724
220525728
220525743
220525814
220525860
220525882
220525893
220525947
220525954
220525965
220525984
220526010
220526037
220526069
220526070
220526079
220526081
220526082
220526090
220526092
220526120
220526121
220526138
220526169
220526198
220526222
220526229
220526295
220526308
220526314
220526368
220526369
220526383
220526390
220526418
220526490
220526507
220526524
220526545
220526560
220526566
220526590
220526609
220526640
220526666
220526677
220526696
220526760
220526762
220526774
220526778
220526787
220526794
220526802
220526824
220526846
220526873
220526883
220526892
220526899
220526902
220526967
220526984
220527032
220527042
220527079
220527120
220527135
220527157
220527167
220527169
220527208
220527231
220527295
220527366
220527374
220527383
220527399
220527425
220527453
220527462
220527471
220527527
220527576
220527577
220527595
220527598
220527620
220527641
220527644
220527648
220527660
220527667
220527720
220527721
220527723
220527731
220527736
220527835
220527836
220527876
220527880
220527903
220527911
220527948
220527972
220528004
220528009
220528104
220528116
220528172
220528351
220528364
220528374
220528397
220528424
220528451
220528452
220528488
220528502
220528530
220528585
220528612
220528625
220528663
220528677
220528769
220528770
220528773
220528786
220528787
220528803
220528839
220528857
220528887
220528889
220528898
220528900
220528946
220528953
220529002
220529024
220529038
220529039
220529057
220529061
220529093
220529136
220529137
220529150
220529221
220529279
220529313
220529333
220529355
220529380
220529421
220529442
220529494
220529517
220529669
220529683
220529688
220529692
220529696
220529697
220529715
220529785
220529806
220529948
220530002
220530007
220530016
220530061
220530065
220530070
220530126
220530132
220530141
220530233
220530247
220530250
220530251
220530254
220530266
220530276
220530286
220530298
220530315
220530342
220530375
220530384
220530399
220530421
220530425
220530427
220530436
220530458
220530461
220530469
220530490
220530502
220530532
220530539
220530540
220530554
220530600
220530615
220530678
220530692
220530788
220530806
220530816
220530833
220530853
220530856
220530879
220530926
220530938
220531074
220531108
220531118
220531146
220531163
220531177
220531179
220531219
220531232
220531244
220531246
220531267
220531347
220531357
220531361
220531363
220531463
220531511
220531544
220531549
220531569
220531580
220531581
220531615
220531616
220531652
220531707
220531791
220531797
220531803
220531829
220531836
220531837
220531882
220531905
220531938
220531954
220531974
220531984
220532003
220532035
220532165
220532211
220532222
220532235
220532257
220532259
220532316
220532325
220532357
220532414
220532437
220532443
220532449
220532509
220532510
220532535
220532538
220532545
220532550
220532557
220532612
220532657
220532672
220532689
220532712
220532719
220532735
220532742
220532764
220532777
220532854
220532909
220532935
220532959
220532965
220532992
220533030
220533047
220533049
220533077
220533088
220533099
220533105
220533131
220533146
220533154
220533172
220533180
220533185
220533188
220533217
220533219
220533231
220533304
220533343
220533352
220533366
220533376
220533409
220533412
220533441
220533454
220533468
220533475
220533477
220533502
220533524
220533534
220533536
220533538
220533544
220533553
220533559
220533578
220533638
220533642
220533678
220533687
220533730
220533744
220533773
220533781
220533834
220533856
220533869
220533915
220533916
220533965
220533968
220533993
220534003
220534009
220534039
220534063
220534080
220534096
220534102
220534105
220534140
220534286
220534301
220534317
220534327
220534469
220534518
220534521
220534527
220534549
220534562
220534577
220534584
220534593
220534628
220534635
220534638
220534662
220534688
220534697
220534699
220534729
220534840
220534859
220534869
220534872
220534906
220534920
220534922
220534928
220534929
220535013
220535015
220535040
220535099
220535118
220535151
220535180
220535213
220535216
220535281
220535374
220535433
220535442
220535453
220535467
220535536
220535686
220535705
220535715
220535754
220535755
220535790
220535798
220535816
220535890
220535911
220535921
220535923
220535929
220535957
220535965
220535983
220535987
220535992
220536025
220536066
220536111
220536127
220536158
220536177
220536204
220536252
220536262
220536272
220536283
220536286
220536341
220536421
220536425
220536443
220536460
220536487
220536497
220536596
220536598
220536601
220536620
220536659
220536677
220536702
220536863
220536898
220536921
220536938
220536966
220536967
220537004
220537032
220537066
220537072
220537090
220537163
220537239
220537258
220537271
220537321
220537353
220537378
220537418
220537433
220537497
220537499
220537588
220537598
220537637
220537649
220537749
220537769
220537820
220537858
220537859
220537901
220537987
220538008
220538035
220538091
220538099
220538141
220538199
220538201
220538235
220538268
220538273
220538303
220538312
220538328
220538348
220538360
220538388
220538412
220538430
220538437
220538448
220538481
220538492
220538494
220538507
220538514
220538518
220538526
220538530
220538554
220538566
220538567
220538589
220538597
220538646
220538731
220538732
220538801
220538817
220538839
220538860
220538863
220538889
220538900
220539008
220539010
220539027
220539055
220539101
220539146
220539157
220539163
220539225
220539280
220539283
220539314
220539373
220539410
220539539
220539579
220539612
220539626
220539695
220539749
220539762
220539820
220539859
220539879
220539936
220539972
220539996
220540006
220540050
220540108
220540128
220540136
220540152
220540165
220540197
220540229
220540241
220540295
220540333
220540359
220540396
220540557
220540564
220540586
220540588
220540607
220540626
220540628
220540640
220540656
220540678
220540713
220540757
220540827
220540842
220540851
220540868
220540875
220540954
220540965
220540969
220541005
220541023
220541034
220541039
220541093
220541108
220541130
220541147
220541192
220541243
220541275
220541279
220541303
220541307
220541330
220541338
220541449
220541482
220541558
220541579
220541582
220541600
220541603
220541609
220541613
220541691
220541697
220541774
220541798
220541816
220541867
220541935
220541990
220541993
220542028
220542079
220542104
220542179
220542189
220542202
220542263
220542304
220542342
220542353
220542372
220542402
220542420
220542435
220542489
220542549
220542553
220542565
220542577
220542619
220542666
220542668
220542699
220542719
220542728
220542745
220542766
220542794
220542839
220542847
220542876
220542915
220542958
220542972
220543013
220543034
220543061
220543073
220543107
220543117
220543125
220543140
220543150
220543175
220543205
220543226
220543247
220543259
220543303
220543306
220543357
220543410
220543416
220543457
220543517
220543535
220543589
220543597
220543647
220543648
220543673
220543677
220543722
220543729
220543732
220543751
220543760
220543812
220543851
220543883
220544089
220544104
220544106
220544114
220544140
220544149
220544153
220544223
220544279
220544295
220544317
220544324
220544385
220544489
220544503
220544515
220544533
220544547
220544548
220544614
220544620
220544669
220544681
220544690
220544692
220544741
220544849
220544858
220544898
220544959
220544990
220545026
220545037
220545043
220545065
220545085
220545107
220545113
220545122
220545128
220545152
220545180
220545187
220545219
220545243
220545244
220545253
220545257
220545281
220545290
220545346
220545368
220545455
220545503
220545568
220545586
220545588
220545603
220545622
220545635
220545732
220545742
220545752
220545770
220545798
220545836
220545890
220545894
220545906
220545954
220546040
220546050
220546093
220546100
220546104
220546117
220546191
220546227
220546230
220546233
220546245
220546324
220546363
220546366
220546386
220546411
220546415
220546432
220546436
220546438
220546479
220546545
220546564
220546569
220546578
220546582
220546603
220546631
220546632
220546689
220546708
220546750
220546760
220546840
220546874
220546875
220546926
220546936
220546938
220546959
220547027
220547032
220547041
220547061
220547142
220547159
220547166
220547178
220547196
220547198
220547214
220547218
220547242
220547243
220547273
220547285
220547317
220547328
220547343
220547427
220547434
220547488
220547537
220547541
220547602
220547603
220547605
220547652
220547675
220547684
220547698
220547699
220547725
220547760
220547763
220547781
220547792
220547803
220547808
220547819
220547832
220547852
220547872
220547881
220547900
220547936
220547967
220547987
220548005
220548021
220548025
220548050
220548055
220548066
220548093
220548139
220548147
220548172
220548192
220548196
220548225
220548316
220548378
220548408
220548421
220548454
220548469
220548491
220548518
220548521
220548554
220548572
220548615
220548625
220548646
220548684
220548693
220548694
220548773
220548835
220548839
220548849
220548878
220548882
220548918
220548935
220548958
220548988
220549006
220549019
220549025
220549034
220549063
220549088
220549139
220549188
220549231
220549262
220549274
220549294
220549335
220549362
220549373
220549392
220549402
220549408
220549419
220549542
220549547
220549553
220549609
220549690
220549752
220549753
220549763
220549781
220549786
220549806
220549826
220549827
220549860
220549874
220549887
220549895
220549900
220549937
220549952
220549956
220549976
220549983
220550001
220550002
220550035
220550036
220550118
220550264
220550287
220550307
220550352
220550427
220550437
220550457
220550476
220550487
220550489
220550558
220550565
220550568
220550616
220550652
220550657
220550686
220550703
220550719
220550778
220550779
220550811
220550814
220550827
220550840
220550845
220550877
220550938
220550963
220550978
220550994
220551063
220551136
220551141
220551174
220551209
220551219
220551235
220551252
220551256
220551260
220551266
220551273
220551278
220551293
220551365
220551366
220551367
220551429
220551440
220551478
220551486
220551495
220551580
220551614
220551622
220551629
220551672
220551687
220551747
220551757
220551776
220551781
220551798
220551856
220551900
220551915
220551917
220551943
220551967
220551984
220552002
220552020
220552025
220552036
220552125
220552182
220552197
220552200
220552213
220552268
220552287
220552302
220552307
220552318
220552322
220552347
220552423
220552440
220552441
220552462
220552501
220552509
220552575
220552576
220552582
220552625
220552629
220552636
220552650
220552664
220552673
220552674
220552680
220552682
220552759
220552787
220552827
220552840
220552841
220552856
220552857
220552977
220553006
220553009
220553060
220553072
220553110
220553114
220553129
220553132
220553139
220553162
220553187
220553196
220553275
220553291
220553312
220553319
220553379
220553475
220553501
220553516
220553521
220553565
220553610
220553619
220553620
220553650
220553657
220553717
220553729
220553755
220553772
220553780
220553801
220553809
220553818
220553860
220553893
220553963
220553970
220553973
220553987
220553992
220554126
220554153
220554160
220554181
220554189
220554192
220554208
220554210
220554233
220554268
220554320
220554359
220554397
220554403
220554409
220554412
220554425
220554427
220554433
220554436
220554450
220554493
220554498
220554536
220554548
220554585
220554603
220554613
220554690
220554717
220554726
220554730
220554780
220554786
220554794
220554820
220554865
220554927
220554930
220554984
220554990
220554996
220555062
220555063
220555067
220555080
220555232
220555296
220555299
220555337
220555381
220555384
220555396
220555471
220555504
220555552
220555560
220555595
220555606
220555631
220555634
220555647
220555658
220555706
220555739
220555777
220555778
220555801
220555811
220555836
220555860
220555908
220555927
220555968
220555998
220556022
220556090
220556098
220556125
220556221
220556236
220556237
220556275
220556301
220556309
220556319
220556358
220556366
220556372
220556462
220556469
220556488
220556523
220556541
220556571
220556629
220556689
220556696
220556704
220556737
220556742
220556744
220556776
220556827
220556878
220556881
220556883
220556884
220556893
220556902
220556916
220556957
220556989
220557000
220557009
220557031
220557059
220557077
220557087
220557094
220557102
220557108
220557114
220557116
220557175
220557226
220557241
220557281
220557284
220557289
220557296
220557351
220557379
220557442
220557449
220557477
220557498
220557502
220557563
220557570
220557585
220557600
220557613
220557647
220557654
220557668
220557676
220557737
220557754
220557765
220557809
220557813
220557833
220557846
220557863
220557888
220557913
220557919
220557923
220557930
220557951
220557990
220558004
220558043
220558112
220558189
220558201
220558204
220558228
220558327
220558342
220558353
220558442
220558448
220558457
220558465
220558489
220558511
220558525
220558526
220558529
220558588
220558590
220558601
220558626
220558654
220558672
220558681
220558714
220558740
220558747
220558770
220558808
220558809
220558824
220558848
220558851
220558868
220558880
220558915
220558933
220558937
220558947
220558965
220558981
220558986
220559011
220559014
220559026
220559084
220559133
220559135
220559207
220559225
220559264
220559281
220559291
220559293
220559300
220559378
220559440
220559441
220559442
220559461
220559482
220559514
220559520
220559579
220559610
220559627
220559697
220559705
220559746
220559769
220559810
220559860
220559905
220559939
220559945
220559960
220560044
220560074
220560083
220560213
220560222
220560313
220560335
220560348
220560357
220560362
220560370
220560401
220560424
220560426
220560454
220560528
220560530
220560549
220560562
220560588
220560604
220560663
220560681
220560740
220560752
220560771
220560781
220560784
220560794
220560921
220560978
220560993
220561030
220561059
220561117
220561166
220561186
220561226
220561229
220561240
220561331
220561359
220561377
220561389
220561434
220561461
220561487
220561498
220561505
220561510
220561567
220561617
220561621
220561631
220561655
220561656
220561658
220561706
220561725
220561741
220561772
220561791
220561825
220561851
220561876
220561883
220561884
220561974
220561997
220562037
220562046
220562050
220562134
220562135
220562136
220562140
220562167
220562195
220562229
220562261
220562272
220562347
220562375
220562396
220562460
220562482
220562573
220562575
220562587
220562610
220562625
220562666
220562699
220562760
220562858
220562860
220562932
220563048
220563052
220563057
220563095
220563208
220563254
220563281
220563305
220563317
220563355
220563441
220563448
220563472
220563483
220563534
220563540
220563571
220563581
220563589
220563621
220563655
220563660
220563665
220563689
220563733
220563739
220563802
220563808
220563864
220563878
220563882
220563969
220563981
220563999
220564075
220564078
220564113
220564118
220564134
220564157
220564262
220564271
220564301
220564309
220564340
220564371
220564386
220564434
220564512
220564538
220564584
220564614
220564671
220564672
220564680
220564689
220564709
220564733
220564740
220564744
220564760
220564784
220564828
220564834
220564911
220564921
220564937
220564982
220564991
220564994
220564997
220565007
220565029
220565050
220565054
220565198
220565208
220565286
220565290
220565300
220565337
220565349
220565356
220565378
220565392
220565483
220565515
220565532
220565599
220565639
220565646
220565724
220565732
220565805
220565812
220565839
220565891
220566017
220566040
220566057
220566137
220566176
220566195
220566225
220566229
220566240
220566244
220566268
220566276
220566301
220566305
220566327
220566349
220566411
220566460
220566473
220566474
220566478
220566504
220566518
220566577
220566588
220566589
220566602
220566618
220566631
220566635
220566642
220566658
220566709
220566724
220566728
220566785
220566810
220566890
220566954
220566985
220566988
220566991
220567023
220567024
220567040
220567058
220567075
220567135
220567143
220567179
220567192
220567222
220567245
220567255
220567285
220567400
220567412
220567495
220567548
220567554
220567579
220567592
220567681
220567688
220567738
220567839
220567897
220567937
220567978
220568041
220568057
220568081
220568100
220568116
220568138
220568182
220568189
220568238
220568255
220568287
220568347
220568398
220568409
220568414
220568433
220568456
220568477
220568481
220568543
220568552
220568560
220568591
220568654
220568655
220568754
220568779
220568814
220568820
220568875
220568903
220568933
220568948
220568971
220568980
220569010
220569037
220569062
220569064
220569072
220569076
220569081
220569156
220569185
220569187
220569221
220569236
220569264
220569269
220569311
220569318
220569348
220569420
220569529
220569537
220569576
220569578
220569588
220569640
220569667
220569695
220569727
220569757
220569769
220569783
220569827
220569865
220569968
220569990
220570047
220570048
220570077
220570121
220570136
220570144
220570153
220570159
220570170
220570183
220570241
220570304
220570354
220570435
220570464
220570478
220570489
220570535
220570560
220570579
220570586
220570590
220570592
220570623
220570656
220570677
220570695
220570723
220570731
220570746
220570749
220570758
220570760
220570785
220570788
220570806
220570817
220570852
220570853
220570855
220570861
220570946
220570956
220570964
220570971
220571004
220571043
220571117
220571134
220571148
220571346
220571388
220571395
220571429
220571470
220571481
220571488
220571575
220571578
220571583
220571596
220571602
220571656
220571669
220571687
220571712
220571741
220571806
220571868
220571875
220571893
220571902
220571926
220571933
220571938
220571956
220571962
220571967
220572004
220572026
220572030
220572045
220572112
220572148
220572218
220572224
220572264
220572272
220572325
220572327
220572375
220572430
220572461
220572510
220572518
220572555
220572569
220572594
220572655
220572665
220572811
220572824
220572852
220572956
220572984
220573013
220573017
220573055
220573102
220573146
220573170
220573228
220573261
220573262
220573308
220573318
220573320
220573361
220573376
220573382
220573384
220573394
220573418
220573465
220573466
220573494
220573522
220573564
220573596
220573639
220573652
220573728
220573764
220573796
220573882
220573900
220573905
220573915
220573959
220573978
220573981
220573993
220574065
220574077
220574095
220574117
220574120
220574134
220574150
220574272
220574273
220574318
220574322
220574349
220574369
220574415
220574428
220574477
220574528
220574539
220574573
220574648
220574665
220574672
220574694
220574716
220574720
220574755
220574813
220574826
220574831
220574857
220575000
220575094
220575133
220575191
220575205
220575332
220575334
220575351
220575441
220575449
220575468
220575476
220575480
220575574
220575590
220575632
220575646
220575700
220575701
220575724
220575729
220575730
220575744
220575746
220575826
220575900
220575907
220575908
220575927
220575931
220575936
220575963
220575972
220575998
220576047
220576106
220576165
220576209
220576254
220576258
220576285
220576293
220576317
220576319
220576321
220576322
220576337
220576357
220576359
220576405
220576420
220576423
220576428
220576429
220576441
220576462
220576492
220576495
220576500
220576527
220576563
220576570
220576589
220576620
220576626
220576795
220576804
220576814
220576905
220576936
220576960
220577011
220577060
220577093
220577127
220577128
220577136
220577160
220577172
220577215
220577220
220577275
220577372
220577373
220577378
220577433
220577456
220577462
220577535
220577550
220577603
220577604
220577605
220577620
220577706
220577733
220577785
220577874
220577906
220577972
220577994
220578008
220578009
220578014
220578027
220578093
220578101
220578102
220578212
220578238
220578242
220578257
220578284
220578372
220578402
220578459
220578473
220578478
220578507
220578566
220578569
220578571
220578589
220578674
220578732
220578804
220578807
220578876
220578940
220578951
220578982
220578986
220578998
220579032
220579081
220579158
220579171
220579190
220579205
220579208
220579258
220579272
220579282
220579297
220579319
220579341
220579446
220579457
220579471
220579515
220579564
220579584
220579602
220579651
220579721
220579730
220579738
220579866
220579973
220579991
220580034
220580047
220580098
220580122
220580135
220580168
220580183
220580191
220580192
220580205
220580212
220580254
220580267
220580269
220580276
220580337
220580350
220580369
220580444
220580452
220580513
220580535
220580587
220580615
220580649
220580661
220580676
220580722
220580822
220580832
220580848
220580858
220580867
220580912
220580951
220581018
220581026
220581060
220581064
220581121
220581136
220581236
220581271
220581311
220581339
220581345
220581397
220581401
220581422
220581430
220581437
220581439
220581451
220581466
220581480
220581489
220581581
220581590
220581615
220581633
220581634
220581711
220581742
220581751
220581763
220581771
220581809
220581816
220581825
220581919
220581921
220581933
220582106
220582145
220582156
220582228
220582309
220582310
220582314
220582324
220582353
220582386
220582393
220582411
220582445
220582462
220582487
220582542
220582552
220582564
220582619
220582642
220582644
220582657
220582710
220582736
220582744
220582765
220582787
220582836
220582849
220582875
220582899
220582947
220582985
220583005
220583069
220583074
220583104
220583125
220583155
220583169
220583201
220583211
220583249
220583285
220583290
220583303
220583358
220583539
220583613
220583635
220583647
220583688
220583804
220583854
220583872
220583954
220583977
220583985
220584014
220584021
220584060
220584076
220584079
220584088
220584120
220584197
220584208
220584210
220584222
220584225
220584249
220584252
220584265
220584295
220584327
220584484
220584488
220584498
220584523
220584526
220584599
220584607
220584639
220584651
220584655
220584663
220584686
220584720
220584758
220584782
220584815
220584822
220584851
220584904
220584907
220584949
220584966
220584982
220585016
220585123
220585126
220585143
220585147
220585159
220585225
220585238
220585243
220585248
220585270
220585381
220585382
220585391
220585448
220585465
220585512
220585516
220585517
220585547
220585559
220585602
220585613
220585628
220585683
220585706
220585714
220585733
220585764
220585767
220585779
220585814
220585816
220585855
220585866
220585887
220585889
220585940
220585957
220586041
220586042
220586062
220586085
220586088
220586100
220586105
220586148
220586203
220586222
220586305
220586361
220586380
220586439
220586470
220586484
220586487
220586498
220586512
220586516
220586523
220586636
220586689
220586719
220586778
220586837
220586847
220586935
220586937
220587046
220587071
220587118
220587148
220587155
220587200
220587207
220587224
220587227
220587231
220587312
220587334
220587366
220587410
220587418
220587429
220587495
220587503
220587528
220587532
220587537
220587648
220587660
220587673
220587677
220587695
220587719
220587722
220587724
220587734
220587749
220587756
220587790
220587795
220587821
220587846
220587933
220587934
220587958
220588021
220588027
220588109
220588129
220588143
220588155
220588182
220588187
220588194
220588197
220588213
220588267
220588348
220588397
220588405
220588411
220588419
220588469
220588540
220588553
220588560
220588575
220588595
220588691
220588755
220588816
220588933
220588940
220588961
220589012
220589164
220589185
220589194
220589199
220589229
220589253
220589295
220589301
220589340
220589360
220589367
220589439
220589455
220589549
220589550
220589559
220589575
220589651
220589667
220589702
220589711
220589752
220589771
220589804
220589827
220589831
220589838
220589854
220589970
220589995
220589996
220590008
220590019
220590080
220590081
220590106
220590112
220590231
220590284
220590293
220590307
220590309
220590318
220590328
220590395
220590491
220590492
220590500
220590526
220590539
220590588
220590606
220590636
220590662
220590675
220590676
220590683
220590693
220590717
220590774
220590778
220590783
220590785
220590804
220590807
220590820
220590823
220590836
220590851
220590963
220591012
220591017
220591064
220591093
220591152
220591226
220591284
220591299
220591336
220591353
220591354
220591432
220591505
220591530
220591531
220591589
220591629
220591699
220591775
220591781
220591788
220591806
220591823
220591844
220591903
220591978
220592015
220592112
220592163
220592167
220592172
220592175
220592212
220592291
220592312
220592335
220592404
220592482
220592524
220592542
220592557
220592560
220592571
220592588
220592597
220592611
220592634
220592706
220592738
220592745
220592747
220592748
220592763
220592791
220592893
220592898
220592916
220592922
220593043
220593075
220593098
220593100
220593116
220593147
220593173
220593203
220593229
220593236
220593304
220593330
220593470
220593521
220593580
220593599
220593700
220593726
220593748
220593862
220593900
220593931
220593934
220593941
220594048
220594068
220594086
220594109
220594123
220594153
220594161
220594185
220594200
220594217
220594267
220594276
220594291
220594311
220594326
220594369
220594380
220594415
220594425
220594481
220594491
220594542
220594544
220594576
220594582
220594649
220594694
220594706
220594715
220594873
220594937
220594991
220595012
220595042
220595113
220595127
220595209
220595258
220595270
220595299
220595304
220595365
220595382
220595428
220595432
220595449
220595464
220595483
220595551
220595577
220595578
220595579
220595588
220595597
220595672
220595701
220595729
220595782
220595783
220595789
220595829
220595848
220596055
220596072
220596129
220596141
220596154
220596157
220596172
220596196
220596286
220596289
220596310
220596317
220596328
220596332
220596391
220596427
220596442
220596460
220596607
220596608
220596620
220596624
220596627
220596666
220596694
220596700
220596726
220596741
220596796
220596943
220596964
220596997
220597042
220597046
220597198
220597210
220597233
220597294
220597301
220597370
220597389
220597391
220597406
220597428
220597431
220597438
220597453
220597522
220597585
220597599
220597727
220597744
220597780
220597828
220597953
220597976
220598019
220598072
220598167
220598209
220598263
220598273
220598306
220598331
220598367
220598410
220598432
220598459
220598472
220598478
220598482
220598549
220598550
220598585
220598604
220598610
220598703
220598705
220598739
220598753
220598820
220598825
220598868
220598935
220598948
220598959
220598991
220599108
220599123
220599131
220599156
220599163
220599221
220599312
220599340
220599347
220599364
220599368
220599380
220599382
220599417
220599430
220599455
220599459
220599494
220599515
220599516
220599557
220599616
220599624
220599639
220599647
220599648
220599705
220599711
220599728
220599755
220599757
220599758
220599790
220599791
220599907
220599917
220599922
220599996
220600146
220600155
220600188
220600208
220600218
220600223
220600226
220600233
220600262
220600293
220600373
220600388
220600400
220600483
220600489
220600494
220600545
220600608
220600639
220600768
220600781
220600795
220600862
220600880
220600960
220600982
220601044
220601066
220601134
220601135
220601166
220601187
220601264
220601331
220601339
220601342
220601391
220601399
220601414
220601428
220601449
220601454
220601462
220601478
220601511
220601542
220601577
220601623
220601625
220601655
220601674
220601684
220601751
220601788
220601866
220601894
220601916
220601954
220601972
220601975
220601978
220602025
220602028
220602068
220602087
220602098
220602099
220602105
220602149
220602204
220602210
220602240
220602250
220602274
220602294
220602370
220602431
220602450
220602455
220602478
220602483
220602488
220602508
220602512
220602519
220602692
220602779
220602876
220602889
220602913
220602963
220602977
220603053
220603114
220603120
220603125
220603160
220603188
220603202
220603322
220603334
220603342
220603347
220603348
220603349
220603359
220603382
220603387
220603425
220603510
220603522
220603563
220603579
220603603
220603676
220603771
220603800
220603803
220603831
220603843
220603853
220603865
220604020
220604032
220604067
220604115
220604141
220604168
220604169
220604191
220604199
220604238
220604287
220604314
220604389
220604405
220604429
220604453
220604455
220604458
220604476
220604480
220604498
220604512
220604524
220604532
220604535
220604569
220604574
220604580
220604593
220604638
220604668
220604710
220604755
220604756
220604823
220604890
220604923
220604928
220604940
220604960
220604972
220604974
220605000
220605006
220605041
220605091
220605097
220605147
220605176
220605232
220605264
220605267
220605366
220605388
220605422
220605455
220605471
220605473
220605513
220605519
220605533
220605605
220605613
220605690
220605739
220605749
220605773
220605820
220605894
220605903
220605993
220606075
220606080
220606084
220606123
220606124
220606151
220606185
220606187
220606192
220606205
220606242
220606317
220606332
220606333
220606366
220606397
220606412
220606629
220606689
220606707
220606744
220606816
220606817
220606864
220606998
220606999
220607041
220607057
220607071
220607132
220607182
220607228
220607230
220607264
220607278
220607284
220607291
220607337
220607416
220607437
220607478
220607510
220607537
220607592
220607946
220608041
220608051
220608059
220608074
220608093
220608127
220608137
220608159
220608184
220608224
220608250
220608301
220608386
220608412
220608420
220608428
220608433
220608456
220608465
220608466
220608482
220608527
220608530
220608548
220608551
220608571
220608583
220608616
220608628
220608677
220608683
220608719
220608724
220608737
220608748
220608776
220608779
220608792
220608854
220608883
220608972
220609052
220609064
220609084
220609110
220609160
220609198
220609208
220609224
220609252
220609272
220609284
220609355
220609385
220609393
220609427
220609535
220609547
220609621
220609622
220609643
220609651
220609831
220609850
220609857
220609984
220610033
220610038
220610072
220610177
220610198
220610201
220610254
220610281
220610314
220610451
220610501
220610567
220610601
220610736
220610741
220610745
220610794
220610809
220610827
220610849
220610864
220610892
220610948
220610958
220611021
220611056
220611064
220611065
220611098
220611102
220611122
220611168
220611213
220611219
220611251
220611261
220611294
220611324
220611338
220611511
220611543
220611550
220611561
220611581
220611593
220611594
220611596
220611654
220611686
220611690
220611695
220611698
220611713
220611745
220611790
220611809
220611815
220611866
220611906
220611914
220611951
220612008
220612019
220612020
220612036
220612038
220612120
220612137
220612145
220612165
220612173
220612271
220612282
220612322
220612445
220612487
220612541
220612619
220612637
220612646
220612660
220612743
220612779
220612780
220612785
220612859
220612894
220612958
220612999
220613045
220613053
220613066
220613076
220613144
220613174
220613223
220613256
220613287
220613369
220613395
220613423
220613438
220613442
220613501
220613504
220613505
220613556
220613582
220613604
220613614
220613656
220613663
220613675
220613695
220613746
220613814
220613835
220613844
220613849
220613964
220613966
220613982
220613992
220614022
220614040
220614050
220614065
220614111
220614126
220614182
220614214
220614229
220614233
220614305
220614332
220614349
220614352
220614403
220614421
220614481
220614487
220614491
220614511
220614517
220614566
220614572
220614590
220614624
220614637
220614659
220614733
220614831
220614849
220614890
220614894
220614958
220614960
220614972
220614997
220615004
220615008
220615044
220615046
220615060
220615157
220615161
220615185
220615196
220615209
220615210
220615235
220615245
220615279
220615335
220615354
220615366
220615405
220615435
220615478
220615486
220615536
220615544
220615555
220615564
220615579
220615591
220615625
220615626
220615706
220615728
220615751
220615766
220615865
220615869
220615926
220615936
220615939
220615973
220616002
220616079
220616115
220616128
220616148
220616221
220616256
220616312
220616319
220616342
220616361
220616371
220616420
220616438
220616506
220616513
220616515
220616564
220616568
220616614
220616616
220616646
220616669
220616741
220616771
220616853
220616883
220616926
220616936
220616961
220616992
220617065
220617082
220617088
220617114
220617150
220617175
220617242
220617321
220617331
220617334
220617349
220617375
220617433
220617446
220617481
220617527
220617566
220617612
220617637
220617653
220617685
220617697
220617784
220617789
220617847
220617850
220617869
220617876
220617893
220617905
220617912
220617956
220617966
220617973
220617975
220617976
220617981
220617986
220617998
220618025
220618034
220618076
220618122
220618166
220618190
220618207
220618209
220618219
220618230
220618254
220618274
220618290
220618305
220618308
220618410
220618414
220618466
220618482
220618562
220618611
220618652
220618657
220618696
220618710
220618746
220618909
220618912
220618983
220618999
220619004
220619006
220619018
220619112
220619149
220619170
220619188
220619215
220619232
220619263
220619300
220619311
220619415
220619416
220619529
220619544
220619555
220619629
220619636
220619702
220619737
220619799
220619847
220619874
220619875
220619892
220619896
220619969
220619972
220619975
220619979
220620010
220620011
220620035
220620055
220620067
220620101
220620180
220620188
220620193
220620214
220620229
220620298
220620299
220620324
220620325
220620337
220620346
220620348
220620382
220620393
220620398
220620474
220620477
220620494
220620508
220620514
220620521
220620551
220620575
220620588
220620589
220620661
220620700
220620707
220620715
220620729
220620811
220620849
220620886
220620912
220620920
220620952
220620962
220620977
220620984
220621071
220621076
220621087
220621089
220621092
220621097
220621101
220621109
220621113
220621121
220621159
220621165
220621178
220621194
220621216
220621218
220621375
220621383
220621389
220621431
220621520
220621566
220621580
220621590
220621604
220621633
220621642
220621675
220621686
220621689
220621788
220621799
220621804
220621809
220621833
220621854
220621884
220621919
220621986
220621988
220622016
220622067
220622072
220622079
220622090
220622114
220622131
220622149
220622249
220622262
220622287
220622359
220622397
220622446
220622504
220622566
220622615
220622630
220622670
220622756
220622778
220622827
220622887
220622904
220622917
220622918
220622933
220622958
220622985
220623007
220623037
220623047
220623107
220623135
220623168
220623182
220623236
220623249
220623317
220623349
220623399
220623401
220623438
220623451
220623487
220623508
220623522
220623523
220623532
220623684
220623701
220623702
220623736
220623761
220623771
220623786
220623817
220623824
220623834
220623847
220623859
220623878
220623930
220623947
220623979
220624039
220624047
220624075
220624082
220624094
220624097
220624134
220624137
220624150
220624175
220624204
220624209
220624287
220624366
220624401
220624431
220624471
220624515
220624549
220624558
220624663
220624665
220624675
220624687
220624740
220624748
220624766
220624812
220624868
220624872
220624898
220624940
220624986
220625041
220625044
220625064
220625093
220625108
220625109
220625121
220625122
220625134
220625135
220625215
220625257
220625263
220625296
220625319
220625341
220625377
220625405
220625543
220625587
220625620
220625626
220625676
220625696
220625706
220625730
220625744
220625764
220625776
220625827
220625874
220625883
220625888
220625890
220625902
220625929
220625939
220625989
220626025
220626071
220626132
220626201
220626223
220626230
220626243
220626248
220626255
220626257
220626352
220626371
220626413
220626432
220626441
220626458
220626465
220626522
220626629
220626632
220626637
220626641
220626648
220626697
220626810
220626877
220626953
220626957
220626996
220627017
220627021
220627098
220627133
220627155
220627163
220627183
220627217
220627322
220627324
220627357
220627373
220627404
220627438
220627464
220627483
220627484
220627539
220627552
220627570
220627594
220627610
220627623
220627640
220627648
220627661
220627670
220627707
220627714
220627738
220627740
220627741
220627747
220627822
220627918
220627937
220627999
220628013
220628016
220628034
220628057
220628093
220628104
220628196
220628202
220628227
220628230
220628251
220628317
220628328
220628406
220628431
220628470
220628479
220628565
220628567
220628572
220628593
220628628
220628646
220628648
220628683
220628723
220628724
220628824
220628834
220628882
220628926
220628969
220628980
220629012
220629014
220629125
220629140
220629142
220629148
220629153
220629158
220629188
220629197
220629198
220629316
220629341
220629374
220629393
220629445
220629452
220629480
220629489
220629505
220629507
220629615
220629618
220629634
220629645
220629659
220629669
220629698
220629717
220629734
220629791
220629804
220629805
220629850
220629852
220629914
220629966
220629987
220630009
220630069
220630078
220630107
220630118
220630135
220630146
220630231
220630239
220630246
220630267
220630283
220630315
220630324
220630339
220630354
220630382
220630478
220630563
220630565
220630614
220630637
220630678
220630685
220630741
220630749
220630760
220630762
220630768
220630894
220630937
220630953
220631005
220631011
220631017
220631019
220631049
220631063
220631086
220631088
220631106
220631107
220631108
220631119
220631122
220631126
220631143
220631150
220631163
220631178
220631213
220631276
220631307
220631335
220631344
220631357
220631378
220631388
220631417
220631425
220631434
220631469
220631484
220631510
220631520
220631539
220631542
220631556
220631572
220631578
220631597
220631639
220631647
220631724
220631735
220631848
220631855
220631862
220631908
220631916
220631961
220631984
220632020
220632076
220632104
220632124
220632257
220632293
220632302
220632312
220632362
220632375
220632376
220632394
220632435
220632455
220632486
220632517
220632545
220632591
220632649
220632663
220632684
220632699
220632705
220632765
220632789
220632818
220632831
220632866
220632871
220632876
220632911
220632951
220632956
220632980
220633087
220633088
220633092
220633180
220633181
220633217
220633275
220633330
220633358
220633407
220633497
220633510
220633532
220633546
220633560
220633563
220633589
220633611
220633628
220633629
220633655
220633669
220633684
220633690
220633715
220633732
220633734
220633737
220633822
220633839
220633857
220633875
220633878
220633881
220633896
220633919
220633929
220633974
220634002
220634004
220634022
220634154
220634197
220634209
220634237
220634270
220634276
220634298
220634313
220634376
220634417
220634508
220634510
220634580
220634602
220634658
220634685
220634694
220634707
220634712
220634721
220634765
220634782
220634804
220634822
220634831
220634913
220634982
220635095
220635113
220635117
220635165
220635193
220635204
220635250
220635278
220635299
220635317
220635383
220635393
220635468
220635480
220635481
220635488
220635541
220635548
220635556
220635579
220635617
220635674
220635707
220635709
220635713
220635738
220635754
220635864
220635913
220635919
220635951
220635953
220636005
220636007
220636008
220636038
220636054
220636067
220636068
220636134
220636183
220636232
220636237
220636241
220636243
220636283
220636284
220636327
220636435
220636452
220636534
220636548
220636593
220636612
220636659
220636685
220636696
220636741
220636772
220636794
220636805
220636812
220636818
220636853
220636891
220636903
220636915
220636928
220636974
220637069
220637096
220637140
220637153
220637157
220637181
220637208
220637245
220637265
220637273
220637324
220637336
220637351
220637409
220637427
220637432
220637449
220637476
220637504
220637518
220637553
220637596
220637610
220637661
220637675
220637704
220637705
220637716
220637774
220637783
220637810
220637818
220637821
220637832
220637835
220637861
220637885
220637890
220637892
220637899
220637904
220637909
220637985
220638026
220638070
220638097
220638118
220638120
220638143
220638169
220638192
220638207
220638215
220638293
220638303
220638309
220638335
220638344
220638356
220638359
220638379
220638418
220638458
220638474
220638508
220638517
220638586
220638605
220638639
220638644
220638671
220638699
220638706
220638739
220638752
220638814
220638827
220638842
220638843
220638860
220638866
220638907
220638929
220638935
220638958
220638973
220638988
220639029
220639033
220639067
220639074
220639125
220639153
220639160
220639164
220639177
220639239
220639251
220639268
220639292
220639311
220639315
220639327
220639329
220639371
220639374
220639380
220639383
220639415
220639416
220639430
220639464
220639512
220639537
220639573
220639649
220639662
220639672
220639675
220639714
220639733
220639800
220639822
220639865
220639871
220639878
220639925
220639946
220639974
220640095
220640102
220640105
220640108
220640177
220640230
220640291
220640299
220640314
220640338
220640340
220640369
220640416
220640471
220640517
220640539
220640540
220640619
220640650
220640733
220640734
220640796
220640805
220640854
220640904
220640913
220640928
220640952
220641008
220641103
220641124
220641151
220641175
220641176
220641183
220641201
220641216
220641308
220641325
220641351
220641398
220641438
220641470
220641492
220641510
220641521
220641531
220641548
220641577
220641605
220641711
220641805
220641831
220641870
220641886
220641887
220641935
220642012
220642052
220642059
220642067
220642093
220642130
220642182
220642186
220642208
220642217
220642228
220642242
220642280
220642314
220642351
220642383
220642405
220642414
220642436
220642438
220642473
220642525
220642529
220642541
220642561
220642593
220642620
220642657
220642732
220642771
220642775
220642787
220642791
220642816
220642888
220642943
220642998
220643020
220643054
220643099
220643115
220643123
220643250
220643264
220643266
220643267
220643277
220643280
220643347
220643369
220643400
220643427
220643470
220643490
220643516
220643543
220643566
220643611
220643631
220643636
220643655
220643676
220643682
220643770
220643772
220643833
220643916
220643932
220643935
220643941
220643956
220643975
220644065
220644066
220644131
220644208
220644263
220644290
220644297
220644332
220644347
220644348
220644427
220644448
220644470
220644482
220644522
220644529
220644558
220644564
220644585
220644590
220644641
220644653
220644661
220644679
220644688
220644755
220644801
220644810
220644816
220644818
220644819
220644820
220644824
220644839
220644854
220644922
220644941
220644947
220644949
220644955
220645040
220645051
220645053
220645068
220645072
220645099
220645114
220645206
220645223
220645240
220645277
220645326
220645392
220645402
220645404
220645435
220645443
220645470
220645501
220645561
220645568
220645598
220645692
220645720
220645736
220645756
220645777
220645856
220645876
220645882
220645909
220646023
220646036
220646040
220646124
220646166
220646175
220646198
220646226
220646233
220646248
220646279
220646319
220646328
220646337
220646345
220646347
220646425
220646506
220646594
220646649
220646651
220646671
220646779
220646858
220646927
220646943
220646963
220647073
220647096
220647103
220647139
220647168
220647175
220647177
220647198
220647212
220647217
220647250
220647276
220647283
220647337
220647362
220647371
220647375
220647409
220647440
220647446
220647456
220647473
220647589
220647616
220647644
220647713
220647728
220647734
220647878
220647882
220647903
220647921
220647947
220647949
220648028
220648071
220648073
220648102
220648139
220648156
220648165
220648206
220648214
220648250
220648274
220648277
220648278
220648304
220648359
220648476
220648491
220648595
220648650
220648705
220648755
220648800
220648804
220648816
220648827
220648902
220648926
220648935
220648951
220648957
220648959
220648976
220648988
220649016
220649032
220649108
220649119
220649129
220649138
220649157
220649169
220649202
220649226
220649309
220649371
220649429
220649443
220649446
220649450
220649465
220649469
220649485
220649490
220649503
220649513
220649535
220649538
220649569
220649593
220649619
220649708
220649713
220649828
220649832
220649885
220649976
220650016
220650049
220650054
220650086
220650129
220650136
220650147
220650188
220650191
220650205
220650216
220650224
220650253
220650257
220650301
220650342
220650358
220650429
220650439
220650443
220650444
220650448
220650482
220650521
220650522
220650542
220650622
220650643
220650659
220650789
220650791
220650811
220650843
220650864
220650902
220650932
220650992
220651050
220651059
220651124
220651126
220651136
220651143
220651172
220651173
220651244
220651248
220651258
220651306
220651336
220651366
220651371
220651378
220651417
220651426
220651430
220651472
220651498
220651504
220651535
220651572
220651599
220651615
220651688
220651703
220651731
220651819
220651921
220651923
220651946
220651997
220652020
220652026
220652127
220652160
220652177
220652206
220652224
220652239
220652246
220652255
220652287
220652307
220652308
220652320
220652357
220652381
220652390
220652412
220652427
220652475
220652491
220652513
220652606
220652628
220652643
220652645
220652688
220652750
220652764
220652789
220652812
220652817
220652836
220652859
220652880
220652905
220652933
220652944
220652948
220652951
220652961
220652976
220652989
220653040
220653069
220653141
220653170
220653175
220653178
220653183
220653188
220653207
220653209
220653241
220653263
220653266
220653331
220653338
220653357
220653373
220653390
220653411
220653553
220653574
220653649
220653676
220653714
220653774
220653838
220653854
220653856
220653893
220653949
220653955
220654003
220654018
220654043
220654070
220654084
220654108
220654113
220654130
220654136
220654143
220654199
220654229
220654285
220654356
220654390
220654403
220654410
220654414
220654442
220654475
220654512
220654530
220654554
220654564
220654607
220654648
220654659
220654668
220654686
220654788
220654797
220654816
220654854
220654869
220654871
220654885
220654899
220654900
220654902
220654904
220654915
220654938
220654944
220654990
220655027
220655028
220655034
220655064
220655076
220655094
220655136
220655222
220655255
220655259
220655265
220655291
220655302
220655365
220655393
220655426
220655492
220655494
220655500
220655505
220655542
220655578
220655593
220655621
220655694
220655704
220655718
220655745
220655777
220655823
220655832
220655953
220655970
220655995
220656006
220656017
220656027
220656060
220656068
220656085
220656095
220656096
220656135
220656171
220656178
220656254
220656270
220656279
220656286
220656292
220656299
220656318
220656324
220656327
220656369
220656391
220656418
220656438
220656445
220656499
220656598
220656615
220656720
220656731
220656741
220656751
220656763
220656774
220656779
220656793
220656814
220656828
220656870
220656875
220656882
220656898
220656939
220656940
220656955
220656968
220656985
220656997
220657002
220657022
220657042
220657097
220657105
220657112
220657117
220657146
220657214
220657259
220657264
220657283
220657306
220657336
220657369
220657392
220657393
220657405
220657434
220657455
220657466
220657473
220657491
220657494
220657512
220657558
220657562
220657588
220657598
220657653
220657660
220657697
220657704
220657707
220657728
220657732
220657742
220657745
220657758
220657798
220657842
220657893
220657920
220657922
220657932
220657949
220657991
220658003
220658037
220658041
220658056
220658060
220658066
220658089
220658092
220658218
220658260
220658289
220658305
220658318
220658325
220658333
220658346
220658373
220658395
220658409
220658425
220658441
220658514
220658540
220658584
220658639
220658646
220658647
220658654
220658694
220658700
220658727
220658735
220658747
220658772
220658792
220658807
220658844
220658882
220658930
220658946
220658950
220658954
220659006
220659025
220659074
220659089
220659098
220659119
220659241
220659273
220659356
220659392
220659394
220659395
220659460
220659523
220659548
220659554
220659606
220659632
220659645
220659705
220659714
220659724
220659770
220659820
220659856
220659909
220660027
220660046
220660120
220660133
220660142
220660150
220660163
220660165
220660199
220660221
220660224
220660246
220660355
220660383
220660398
220660400
220660411
220660427
220660464
220660477
220660481
220660560
220660596
220660626
220660658
220660707
220660711
220660731
220660813
220660814
220660854
220660866
220660881
220660897
220660915
220660917
220660926
220660963
220660965
220660973
220660977
220660978
220661005
220661033
220661061
220661072
220661075
220661130
220661141
220661149
220661167
220661200
220661252
220661278
220661298
220661350
220661373
220661379
220661429
220661433
220661441
220661461
220661468
220661479
220661480
220661509
220661546
220661547
220661716
220661727
220661747
220661805
220661825
220661842
220661891
220661915
220661991
220662029
220662047
220662081
220662100
220662111
220662140
220662169
220662180
220662203
220662313
220662329
220662343
220662346
220662350
220662490
220662499
220662503
220662509
220662519
220662523
220662532
220662613
220662640
220662675
220662676
220662693
220662705
220662713
220662731
220662733
220662745
220662760
220662770
220662775
220662796
220662825
220662835
220662866
220662878
220662897
220662916
220662924
220662964
220662998
220663003
220663012
220663067
220663072
220663109
220663136
220663140
220663187
220663204
220663208
220663270
220663288
220663293
220663329
220663337
220663340
220663422
220663428
220663429
220663539
220663564
220663584
220663602
220663659
220663717
220663723
220663730
220663735
220663791
220663827
220663835
220663882
220663978
220664008
220664022
220664028
220664053
220664086
220664099
220664105
220664135
220664153
220664190
220664191
220664201
220664207
220664217
220664235
220664239
220664252
220664307
220664377
220664411
220664436
220664450
220664464
220664487
220664528
220664594
220664605
220664623
220664635
220664644
220664688
220664694
220664723
220664780
220664811
220664824
220664857
220664861
220664865
220664881
220664915
220664956
220665002
220665018
220665038
220665072
220665076
220665140
220665172
220665178
220665180
220665223
220665231
220665232
220665245
220665339
220665369
220665390
220665399
220665413
220665420
220665434
220665469
220665495
220665515
220665522
220665544
220665614
220665621
220665622
220665627
220665644
220665713
220665767
220665810
220665845
220665846
220665878
220665891
220665894
220665898
220665906
220665931
220665938
220665941
220665952
220665985
220665990
220665993
220666022
220666041
220666053
220666061
220666081
220666092
220666114
220666190
220666220
220666241
220666290
220666305
220666348
220666350
220666380
220666485
220666520
220666522
220666526
220666553
220666568
220666587
220666596
220666600
220666603
220666630
220666631
220666632
220666642
220666653
220666677
220666688
220666714
220666737
220666743
220666756
220666790
220666819
220666838
220666878
220666896
220666903
220666919
220666978
220666988
220666994
220667031
220667052
220667117
220667129
220667145
220667148
220667235
220667262
220667351
220667365
220667372
220667395
220667454
220667459
220667464
220667477
220667496
220667516
220667552
220667553
220667588
220667591
220667597
220667601
220667615
220667617
220667653
220667740
220667778
220667859
220667877
220667892
220667900
220667939
220667946
220668091
220668111
220668135
220668147
220668161
220668162
220668184
220668291
220668409
220668430
220668434
220668506
220668525
220668528
220668538
220668585
220668597
220668639
220668657
220668675
220668686
220668725
220668727
220668788
220668834
220668835
220668843
220668866
220668887
220668981
220668987
220669038
220669051
220669057
220669073
220669074
220669099
220669147
220669149
220669153
220669227
220669259
220669286
220669299
220669306
220669327
220669348
220669353
220669354
220669365
220669373
220669383
220669386
220669408
220669412
220669428
220669458
220669489
220669490
220669533
220669550
220669556
220669584
220669635
220669647
220669679
220669711
220669723
220669802
220669861
220669864
220669883
220669932
220669977
220669988
220670000
220670043
220670049
220670105
220670124
220670150
220670156
220670165
220670178
220670182
220670187
220670248
220670293
220670303
220670336
220670340
220670348
220670375
220670436
220670440
220670466
220670491
220670528
220670530
220670533
220670538
220670595
220670614
220670623
220670631
220670677
220670686
220670717
220670724
220670767
220670772
220670867
220670869
220670896
220670912
220670920
220670959
220671009
220671013
220671054
220671059
220671065
220671087
220671160
220671168
220671288
220671321
220671341
220671350
220671360
220671463
220671491
220671492
220671496
220671533
220671535
220671597
220671600
220671656
220671673
220671721
220671730
220671770
220671772
220671791
220671822
220671872
220671903
220671927
220671944
220671964
220671976
220672001
220672023
220672051
220672063
220672100
220672107
220672109
220672117
220672150
220672155
220672162
220672167
220672187
220672196
220672219
220672248
220672280
220672293
220672322
220672355
220672362
220672373
220672377
220672383
220672399
220672400
220672428
220672433
220672447
220672467
220672498
220672560
220672562
220672624
220672649
220672672
220672679
220672691
220672699
220672798
220672811
220672884
220672885
220672889
220672927
220672980
220673042
220673049
220673054
220673099
220673129
220673191
220673223
220673232
220673263
220673268
220673298
220673303
220673314
220673332
220673348
220673400
220673429
220673441
220673452
220673493
220673503
220673540
220673544
220673564
220673568
220673708
220673716
220673721
220673738
220673749
220673756
220673782
220673828
220673884
220673939
220673943
220673974
220673985
220674003
220674007
220674047
220674078
220674149
220674175
220674246
220674275
220674335
220674356
220674359
220674364
220674404
220674406
220674422
220674538
220674548
220674557
220674570
220674623
220674635
220674660
220674736
220674823
220674841
220674848
220674896
220674927
220674962
220674978
220675006
220675020
220675030
220675103
220675130
220675180
220675217
220675226
220675228
220675246
220675271
220675296
220675354
220675366
220675392
220675416
220675435
220675468
220675485
220675519
220675524
220675539
220675567
220675582
220675597
220675621
220675634
220675708
220675731
220675792
220675829
220675843
220675848
220675856
220675872
220675888
220676006
220676007
220676073
220676095
220676113
220676137
220676151
220676183
220676207
220676213
220676238
220676355
220676402
220676438
220676442
220676457
220676472
220676524
220676534
220676606
220676618
220676632
220676676
220676689
220676699
220676706
220676719
220676780
220676801
220676816
220676899
220676900
220676949
220676964
220677031
220677038
220677116
220677147
220677202
220677209
220677210
220677212
220677223
220677231
220677272
220677324
220677352
220677373
220677422
220677424
220677456
220677481
220677659
220677662
220677738
220677752
220677810
220677832
220677885
220677892
220677895
220677896
220677902
220677905
220677941
220677994
220678001
220678064
220678065
220678072
220678125
220678137
220678142
220678179
220678201
220678202
220678206
220678209
220678228
220678246
220678253
220678338
220678339
220678343
220678378
220678396
220678399
220678419
220678431
220678447
220678454
220678455
220678478
220678499
220678508
220678549
220678551
220678573
220678615
220678624
220678633
220678635
220678689
220678693
220678694
220678706
220678738
220678747
220678764
220678765
220678776
220678779
220678827
220678866
220678893
220678910
220678911
220678935
220678967
220678983
220678996
220679063
220679068
220679124
220679131
220679160
220679207
220679255
220679262
220679316
220679349
220679399
220679401
220679404
220679424
220679442
220679467
220679499
220679571
220679695
220679725
220679742
220679787
220679817
220679910
220680008
220680019
220680025
220680091
220680103
220680187
220680233
220680264
220680332
220680356
220680367
220680397
220680434
220680436
220680461
220680463
220680484
220680509
220680539
220680561
220680580
220680598
220680615
220680632
220680661
220680688
220680739
220680758
220680763
220680769
220680791
220680792
220680832
220680897
220680937
220680948
220680975
220680980
220680986
220680988
220680994
220681086
220681102
220681115
220681210
220681212
220681235
220681334
220681369
220681408
220681411
220681424
220681428
220681486
220681488
220681543
220681570
220681635
220681653
220681725
220681784
220681803
220681809
220681842
220681892
220681956
220681968
220681980
220681982
220682003
220682006
220682022
220682041
220682055
220682077
220682099
220682128
220682133
220682154
220682166
220682207
220682217
220682221
220682223
220682257
220682262
220682285
220682288
220682325
220682329
220682370
220682380
220682394
220682407
220682435
220682476
220682492
220682500
220682575
220682673
220682688
220682692
220682817
220682838
220682851
220682859
220682912
220682935
220682947
220683042
220683072
220683083
220683115
220683121
220683126
220683174
220683183
220683185
220683206
220683232
220683262
220683331
220683396
220683466
220683589
220683630
220683643
220683725
220683727
220683771
220683797
220683860
220683875
220683883
220683894
220683934
220683937
220683950
220683961
220683984
220683998
220684009
220684010
220684042
220684092
220684126
220684127
220684155
220684169
220684176
220684187
220684220
220684222
220684227
220684258
220684297
220684384
220684394
220684411
220684425
220684454
220684555
220684567
220684586
220684590
220684673
220684705
220684708
220684720
220684778
220684849
220684865
220684918
220684925
220684934
220684989
220685081
220685088
220685145
220685179
220685188
220685191
220685263
220685353
220685363
220685381
220685462
220685481
220685494
220685497
220685519
220685635
220685746
220685767
220685778
220685831
220685839
220685843
220685850
220685897
220685912
220685984
220686027
220686116
220686193
220686215
220686220
220686235
220686237
220686242
220686243
220686280
220686288
220686296
220686321
220686347
220686348
220686350
220686371
220686474
220686494
220686519
220686538
220686542
220686571
220686573
220686591
220686639
220686670
220686677
220686714
220686726
220686746
220686770
220686786
220686796
220686798
220686828
220686856
220686906
220686907
220686984
220686999
220687021
220687061
220687179
220687191
220687205
220687222
220687228
220687275
220687309
220687333
220687356
220687371
220687380
220687428
220687465
220687476
220687542
220687547
220687583
220687586
220687623
220687644
220687685
220687705
220687768
220687769
220687776
220687797
220687824
220687865
220687881
220687912
220687913
220687916
220687928
220688019
220688027
220688043
220688062
220688121
220688145
220688167
220688193
220688196
220688199
220688230
220688276
220688288
220688348
220688389
220688399
220688403
220688410
220688460
220688487
220688527
220688541
220688568
220688587
220688589
220688617
220688665
220688670
220688744
220688813
220688833
220688913
220688963
220689080
220689083
220689100
220689164
220689194
220689208
220689280
220689284
220689314
220689330
220689335
220689432
220689448
220689457
220689480
220689483
220689497
220689515
220689521
220689531
220689569
220689588
220689602
220689611
220689627
220689696
220689697
220689701
220689710
220689713
220689722
220689774
220689844
220689849
220689862
220689872
220689895
220690030
220690031
220690040
220690061
220690102
220690108
220690114
220690152
220690176
220690187
220690265
220690275
220690286
220690351
220690425
220690433
220690473
220690479
220690523
220690538
220690608
220690628
220690686
220690691
220690735
220690750
220690868
220690936
220691009
220691037
220691066
220691082
220691087
220691146
220691151
220691174
220691191
220691197
220691306
220691332
220691354
220691402
220691412
220691463
220691514
220691568
220691575
220691611
220691650
220691654
220691670
220691694
220691721
220691723
220691733
220691760
220691803
220691844
220691874
220691878
220691906
220691929
220691950
220691956
220691969
220691989
220692001
220692011
220692023
220692032
220692034
220692045
220692053
220692067
220692074
220692114
220692158
220692184
220692188
220692207
220692210
220692232
220692285
220692288
220692290
220692299
220692304
220692305
220692409
220692458
220692502
220692506
220692522
220692555
220692561
220692580
220692598
220692683
220692722
220692726
220692727
220692733
220692756
220692795
220692840
220692887
220692916
220692998
220692999
220693029
220693032
220693051
220693064
220693120
220693121
220693144
220693215
220693274
220693298
220693333
220693357
220693364
220693404
220693410
220693418
220693499
220693525
220693548
220693550
220693564
220693570
220693590
220693630
220693698
220693713
220693756
220693810
220693812
220693880
220693892
220693902
220693973
220694001
220694042
220694054
220694062
220694082
220694093
220694154
220694226
220694234
220694243
220694248
220694292
220694311
220694352
220694383
220694401
220694445
220694452
220694459
220694482
220694489
220694574
220694580
220694597
220694667
220694680
220694722
220694750
220694786
220694796
220694805
220694832
220694876
220694973
220694975
220694979
220695046
220695076
220695160
220695194
220695204
220695260
220695290
220695316
220695335
220695340
220695350
220695363
220695374
220695375
220695400
220695408
220695458
220695461
220695477
220695533
220695534
220695566
220695632
220695658
220695678
220695705
220695722
220695727
220695742
220695880
220695905
220695906
220695948
220695957
220695978
220696071
220696076
220696104
220696126
220696131
220696233
220696241
220696258
220696264
220696275
220696311
220696352
220696379
220696416
220696438
220696467
220696535
220696579
220696594
220696626
220696686
220696812
220696824
220696839
220696855
220696890
220696898
220696914
220696961
220697032
220697073
220697078
220697096
220697127
220697132
220697182
220697278
220697282
220697322
220697414
220697418
220697421
220697426
220697440
220697448
220697491
220697534
220697545
220697573
220697582
220697671
220697719
220697751
220697781
220697808
220697818
220697890
220697990
220698003
220698016
220698112
220698118
220698139
220698156
220698202
220698212
220698215
220698254
220698261
220698263
220698334
220698340
220698368
220698463
220698496
220698498
220698509
220698577
220698580
220698620
220698627
220698628
220698674
220698679
220698715
220698721
220698725
220698755
220698763
220698768
220698781
220698907
220698919
220698921
220698922
220698949
220698962
220698967
220699039
220699154
220699195
220699227
220699257
220699308
220699331
220699412
220699421
220699427
220699456
220699478
220699481
220699487
220699537
220699589
220699657
220699696
220699699
220699787
220699800
220699811
220699872
220699909
220700083
220700121
220700207
220700225
220700227
220700258
220700276
220700284
220700288
220700320
220700354
220700362
220700369
220700384
220700386
220700431
220700452
220700533
220700567
220700585
220700660
220700687
220700713
220700745
220700822
220700867
220700882
220700884
220700885
220700898
220700913
220700920
220700924
220700926
220700996
220701013
220701021
220701033
220701107
220701113
220701169
220701181
220701189
220701216
220701226
220701292
220701296
220701305
220701376
220701397
220701402
220701426
220701460
220701490
220701512
220701515
220701517
220701594
220701615
220701621
220701647
220701658
220701760
220701764
220701773
220701777
220701785
220701812
220701815
220701845
220701850
220701919
220701927
220701931
220701995
220702036
220702063
220702067
220702077
220702105
220702184
220702199
220702212
220702249
220702264
220702272
220702277
220702287
220702303
220702329
220702435
220702491
220702577
220702596
220702600
220702610
220702611
220702612
220702614
220702616
220702627
220702628
220702634
220702707
220702709
220702717
220702756
220702776
220702813
220702886
220702889
220702928
220702963
220703026
220703145
220703167
220703193
220703222
220703273
220703285
220703361
220703374
220703496
220703523
220703544
220703546
220703576
220703583
220703605
220703606
220703614
220703663
220703705
220703781
220703796
220703815
220703851
220703900
220703908
220703926
220703936
220703988
220704038
220704069
220704092
220704094
220704126
220704140
220704148
220704157
220704165
220704209
220704212
220704231
220704249
220704253
220704276
220704401
220704430
220704463
220704669
220704677
220704716
220704786
220704802
220704803
220704830
220704862
220704915
220704986
220704989
220705012
220705044
220705067
220705112
220705122
220705196
220705218
220705238
220705247
220705330
220705352
220705384
220705438
220705455
220705480
220705483
220705529
220705541
220705549
220705551
220705554
220705560
220705606
220705649
220705667
220705707
220705742
220705776
220705813
220705849
220705853
220705915
220705948
220705961
220706004
220706030
220706042
220706059
220706076
220706103
220706155
220706168
220706170
220706178
220706392
220706401
220706422
220706426
220706429
220706443
220706469
220706476
220706515
220706523
220706525
220706529
220706533
220706551
220706610
220706618
220706671
220706730
220706748
220706778
220706868
220706874
220706885
220706886
220706986
220707031
220707048
220707064
220707065
220707076
220707140
220707145
220707157
220707175
220707184
220707187
220707195
220707212
220707233
220707321
220707357
220707376
220707424
220707481
220707498
220707556
220707591
220707596
220707617
220707627
220707642
220707669
220707677
220707681
220707698
220707710
220707735
220707749
220707818
220708091
220708113
220708132
220708183
220708227
220708248
220708251
220708266
220708276
220708323
220708327
220708332
220708337
220708353
220708387
220708401
220708408
220708447
220708477
220708515
220708524
220708602
220708626
220708628
220708690
220708716
220708798
220708803
220708821
220708833
220708846
220708918
220708923
220708932
220708947
220708965
220709014
220709026
220709143
220709159
220709171
220709277
220709293
220709325
220709368
220709418
220709430
220709442
220709445
220709506
220709514
220709520
220709576
220709597
220709623
220709679
220709695
220709715
220709717
220709722
220709734
220709809
220709813
220709823
220709838
220709862
220709923
220709965
220709966
220709978
220709998
220710008
220710014
220710076
220710118
220710123
220710157
220710162
220710188
220710278
220710304
220710320
220710357
220710482
220710483
220710506
220710553
220710585
220710598
220710611
220710621
220710787
220710809
220710816
220710824
220710840
220710886
220710967
220710982
220711040
220711063
220711179
220711196
220711228
220711278
220711292
220711298
220711336
220711340
220711367
220711371
220711384
220711449
220711460
220711469
220711477
220711513
220711549
220711558
220711638
220711704
220711721
220711764
220711784
220711828
220711851
220711871
220711929
220711995
220712000
220712016
220712017
220712079
220712115
220712142
220712175
220712215
220712237
220712266
220712359
220712380
220712399
220712465
220712483
220712527
220712590
220712605
220712608
220712666
220712686
220712734
220712751
220712759
220712775
220712802
220712827
220712853
220712874
220712897
220712935
220713015
220713029
220713049
220713066
220713074
220713105
220713180
220713197
220713207
220713255
220713265
220713266
220713389
220713406
220713449
220713459
220713480
220713509
220713519
220713567
220713568
220713605
220713623
220713657
220713727
220713761
220713788
220713796
220713801
220713806
220713816
220713844
220713914
220713933
220713946
220714000
220714067
220714092
220714118
220714182
220714305
220714319
220714376
220714392
220714404
220714444
220714488
220714528
220714535
220714555
220714563
220714572
220714580
220714588
220714610
220714649
220714651
220714660
220714692
220714763
220714767
220714905
220714952
220714963
220714989
220715047
220715073
220715127
220715148
220715158
220715163
220715183
220715258
220715292
220715310
220715353
220715368
220715371
220715451
220715497
220715517
220715560
220715656
220715658
220715664
220715695
220715769
220715779
220715796
220715808
220715819
220715822
220715826
220715886
220715897
220715929
220716106
220716107
220716128
220716202
220716268
220716284
220716293
220716311
220716316
220716402
220716445
220716462
220716524
220716537
220716546
220716567
220716782
220716785
220716820
220716824
220716890
220716917
220716953
220716963
220716995
220717138
220717157
220717214
220717312
220717389
220717400
220717467
220717508
220717512
220717516
220717521
220717609
220717732
220717753
220717778
220717820
220717826
220717878
220717938
220717941
220717946
220718010
220718050
220718110
220718125
220718157
220718159
220718242
220718307
220718316
220718392
220718443
220718455
220718480
220718529
220718642
220718712
220718719
220718813
220718831
220718857
220718908
220718915
220718947
220719035
220719087
220719100
220719116
220719150
220719168
220719201
220719240
220719249
220719251
220719285
220719312
220719316
220719458
220719484
220719591
220719619
220719746
220719806
220719816
220719840
220719887
220719892
220719901
220719919
220719938
220719959
220720015
220720099
220720110
220720127
220720131
220720145
220720152
220720162
220720184
220720246
220720272
220720282
220720299
220720344
220720370
220720390
220720408
220720430
220720511
220720566
220720571
220720577
220720591
220720603
220720612
220720631
220720660
220720673
220720678
220720721
220720768
220720822
220720890
220720892
220720929
220721037
220721082
220721086
220721188
220721216
220721234
220721239
220721324
220721330
220721338
220721381
220721514
220721534
220721611
220721662
220721681
220721747
220721773
220721944
220722009
220722025
220722048
220722058
220722184
220722326
220722368
220722422
220722432
220722490
220722512
220722628
220722679
220722769
220722775
220722819
220722852
220723006
220723063
220723162
220723205
220723211
220723355
220723408
220723495
220723706
220723708
220723714
220723717
220723762
220723808
220723837
220723900
220724094
220724101
220724194
220724228
220724363
220724421
220724467
220724524
220724537
220724542
220724556
220724647
220724739
220724772
220724814
220724852
220724854
220724915
220724918
220724967
220724969
220724978
220724985
220725029
220725068
220725183
220725237
220725316
220725421
220725511
220725514
220725632
220725640
220725671
220725735
220725752
220725766
220725799
220725838
220725988
220726023
220726075
220726113
220726200
220726215
220726225
220726291
220726292
220726298
220726368
220726396
220726537
220726825
220726831
220726920
220726985
220726986
220727072
220727155
220727173
220727239
220727268
220727465
220727476
220727566
220727623
220727738
220727759
220727769
220727784
220727806
220727825
220727826
220727875
220727877
220727924
220727994
220728017
220728112
220728331
220728394
220728425
220728453
220728505
220728540
220728643
220728679
220728761
220729044
220729101
220729133
220729241
220729321
220729437
220729472
220729491
220729551
220729646
220729698
220729893
220729911
220729941
220730066
220730195
220730382
220730387
220730410
220730412
220730465
220730550
220730631
220730635
220730647
220730744
220730889
220730964
220731000
220731196
220731239
220731321
220731528
220731555
220731573
220731662
220731881
220732108
220732185
220732359
220732418
220732524
220732528
220732583
220732598
220732658
220732672
220732673
220732953
220732986
220733186
220733228
220733381
220733412
220733519
220733571
220733595
220733671
220733678
220733860
220733996
220734019
220734030
220734070
220734312
220734456
220734679
220734723
220734870
220734985
220735231
220735251
220735297
220735463
220735493
220735631
220735714
220735737
220735853
220735974
220735980
220736068
220736273
220736312
220736346
220736677
220736941
220737137
220737146
220737215
220737233
220737313
220737423
220737520
220737675
220737751
220737908
220737972
220738101
220738166
220738173
220738284
220738376
220738461
220738704
220738750
220738897
220739080
220739204
220739359
220739619
220739693
220739716
220739758
220739983
220740149
220740460
220740461
220740660
220740957
220741011
220741084
220741153
220741187
220741309
220741492
220741511
220741519
220741743
220741963
220742370
220742393
220742661
220742663
220742748
220742761
220742939
220743089
220743137
220743195
220743742
220744033
220744038
220744083
220744224
220744528
220744555
220745037
220745108
220745295
220745476
220745585
220746259
220746759
220746858
220746892
220747796
220747877
220747899
220748053
220748527
220748569
220748757
220749255
220749844
220750649
229228374
229228375
229228376
229228377
229228378
229228379
229228380
229228381
229228382
229228383
229228384
229228385
229228386
229228387
229228388
229228389
229228390
229228391
229228392
229228393
229228394
229228395
229228396
229228397
229228398
229228399
229228400
229228401
229228402
229228403
229228404
229228405
229228406
229228407
229228408
229228409
229228410
229228411
229228412
229228413
229228414
229228415
229228416
229228417
229228418
229228419
229228420
229228421
229228422
229228423
229228424
229228425
229228426
229228427
229228428
229228429
229228430
229228431
229228432
229228433
229228434
229228435
229228436
229228437
229228438
229228439
229228440
229228441
229228442
229228443
229228444
229228445
229228446
229228447
229228448
229228449
229228450
229228451
229228452
229228453
229228454
229228455
229228456
229228457
229228458
229228459
229228460
229228462
229228463
229228464
229228465
229228466
229228467
229228468
229228469
229228470
229228471
229228472
229228473
229228474
229228475
229228476
229228477
229228478
229228479
229228480
229228481
229228482
229228483
229228484
229228485
229228486
229228487
229228488
229228489
229228490
229228491
229228492
229228493
229228494
229228495
229228496
229228497
229228498
229228499
229228500
229228501
229228502
229228503
229228504
229228505
229228506
229228507
229228508
229228509
229228510
229228511
229228512
229228513
229228514
229228515
229228516
229228517
229228518
229228519
229228520
229228521
229228522
229228523
229228524
229228525
229228526
229228527
229228528
229228529
229228530
229228531
229228532
229228533
229228534
229228535
229228536
229228537
229228538
229228539
229228540
229228541
229228542
229228543
229228544
229228545
229228546
229228547
229228548
229228549
229228550
229228551
229228552
229228553
229228554
229228555
229228556
229228557
229228558
229228559
229228560
229228561
229228562
229228563
229228564
229228565
229228566
229228567
229228568
229228569
229228571
229228572
229228573
229228574
229228575
229228576
229228577
229228578
229228579
229228580
229228581
229228582
229228583
229228584
229228585
229228586
229228587
229228588
229228589
229228590
229228591
229228592
229228593
229228594
229228595
229228596
229228597
229228598
229228599
229228600
229228601
229228602
229228603
229228604
229228605
229228606
229228607
229228608
229228609
229228610
229228611
229228612
229228613
229228614
229228615
229228616
229228617
229228618
229228619
229228620
229228621
229228622
229228623
229228624
229228625
229228626
229228627
229228628
229228629
229228630
229228631
229228632
229228633
229228634
229228635
229228636
229228637
229228638
229228639
229228640
229228641
229228642
229228643
229228644
229228645
229228646
229228647
229228648
229228649
229228650
229228651
229228652
229228653
229228654
229228655
229228656
229228657
229228658
229228659
229228660
229228661
229228662
229228663
229228664
229228665
229228666
229228667
229228668
229228669
229228670
229228671
229228672
229228673
229228674
229228675
229228676
229228677
229228678
229228679
229228680
229228681
229228682
229228683
229228684
229228685
229228686
229228687
229228688
229228689
229228690
229228691
229228692
229228693
229228694
229228695
229228696
229228697
229228698
229228699
229228700
229228701
229228702
229228703
229228704
229228705
229228706
229228707
229228708
229228709
229228710
229228711
229228712
229228713
229228714
229228715
229228716
229228717
229228718
229228719
229228720
229228721
229228722
229228723
229228724
229228725
229228726
229228727
229228728
229228729
229228730
229228731
229228732
229228733
229228734
229228735
229228736
229228737
229228738
229228739
229228740
229228741
229228742
229228743
229228744
229228745
229228746
229228747
229228748
229228749
229228750
229228751
229228752
229228753
229228754
229228755
229228756
229228757
229228758
229228759
229228760
229228761
229228762
229228763
229228764
229228765
229228766
229228767
229228768
229228769
229228770
229228771
229228772
229228773
229228774
229228775
229228776
229228777
229228778
229228779
229228780
229228781
229228782
229228783
229228784
229228785
229228786
229228787
229228788
229228789
229228790
229228791
229228792
229228793
229228794
229228795
229228796
229228797
229228798
229228799
229228800
229228801
229228802
229228803
229228804
229228805
229228806
229228807
229228808
229228809
229228810
229228811
229228812
229228813
229228814
229228815
229228816
229228817
229228818
229228819
229228820
229228821
229228822
229228823
229228824
229228825
229228826
229228827
229228828
229228829
229228830
229228831
229228832
229228833
229228834
229228835
229228836
229228837
229228838
229228839
229228840
229228841
229228842
229228843
229228844
229228845
229228846
229228847
229228848
229228849
229228850
229228851
229228852
229228853
229228854
229228855
229228856
229228857
229228858
229228859
229228860
229228861
229228862
229228863
229228864
229228865
229228866
229228867
229228868
229228869
229228870
229228871
229228872
229228873
229228874
229228875
229228876
229228877
229228878
229228879
229228880
229228881
229228882
229228883
229228884
229228885
229228886
229228887
229228888
229228889
229228890
229228891
229228892
229228893
229228894
229228895
229228896
229228897
229228898
229228899
229228900
229228901
229228902
229228903
229228904
229228905
229228906
229228907
229228908
229228909
229228910
229228911
229228912
229228913
229228914
229228915
229228916
229228917
229228918
229228919
229228920
229228921
229228922
229228923
229228924
229228925
229228926
229228927
229228928
229228929
229228930
229228931
229228932
229228933
229228934
229228935
229228936
229228937
229228938
229228939
229228940
229228941
229228942
229228943
229228944
229228945
229228946
229228947
229228948
229228949
229228950
229228951
229228952
229228953
229228954
229228955
229228956
229228957
229228958
229228959
229228960
229228961
229228962
229228963
229228964
229228965
229228966
229228967
229228968
229228969
229228970
229228971
229228972
229228973
229228974
229228975
229228976
229228977
229228978
229228979
229228980
229228981
229228982
229228983
229228984
229228985
229228986
229228987
229228988
229228989
229228990
229228991
229228992
229228993
229228994
229228995
229228996
229228998
